[0.56395172 0.55590906 0.5550394  0.55320711 0.55186816 0.47592769
 0.34749661 0.20325321 0.15069706 0.14352251 0.14324415 0.14297599
 0.14313898 0.14265237 0.14273167 0.14235408 0.14276081 0.14236658
 0.14209307 0.14252155 0.14215413 0.14271264 0.14176489 0.14218471
 0.14208203 0.1420772  0.14227986 0.14222304 0.14222267 0.14235786]
[0.56357575 0.55556643 0.55529698 0.55426723 0.55159065 0.43957883
 0.20205801 0.10954264 0.09643855 0.09479414 0.09376408 0.09429189
 0.09459838 0.09361847 0.09422607 0.09418526 0.09378995 0.09447334
 0.09421497 0.09414187 0.09421354 0.09452853 0.09403533 0.09440974
 0.09413389 0.09435142 0.09412595 0.0941304  0.09408267 0.09408092]
[0.56317289 0.55468812 0.55496624 0.55544106 0.55367648 0.47792569
 0.3831397  0.2614618  0.20242606 0.15813176 0.14302654 0.1419946
 0.1410059  0.14112237 0.14074981 0.14044271 0.14032184 0.14077074
 0.13995014 0.1400334  0.14011451 0.13973371 0.13990355 0.14012757
 0.13960306 0.1400784  0.14012931 0.13962534 0.14033046 0.13983518]
[0.56312626 0.55592396 0.55431903 0.55321671 0.55379344 0.4719639
 0.27044958 0.09941462 0.0654972  0.06114982 0.06094096 0.06026845
 0.06004913 0.05956387 0.05990783 0.05954939 0.05965703 0.05975664
 0.05955327 0.05964933 0.05970884 0.05963039 0.05958339 0.05946739
 0.05963182 0.0595465  0.05945683 0.05933446 0.05935721 0.05944648]
