[0.8922391  0.91727476 0.91697976 0.889414   0.9020093  0.65074928
 0.51629018 0.40895206 0.34358516 0.28133924 0.19485622 0.15631122
 0.14869194 0.1468651  0.14698098 0.14824254 0.15006364 0.15248994
 0.15543192 0.15857792 0.16216596 0.16604003 0.16994139 0.17401914
 0.17815582 0.18245745 0.18661404 0.19088716 0.19522236 0.19935218]
[0.90446307 0.92621949 0.9235956  0.94157734 0.92769365 0.66724249
 0.49816581 0.42853798 0.40340092 0.39166181 0.38394539 0.37882539
 0.37556806 0.37228469 0.36998609 0.36714869 0.36378094 0.35781453
 0.34782709 0.32826346 0.26739618 0.23570352 0.23137464 0.23153194
 0.23310788 0.23550779 0.23813036 0.24107373 0.2443714  0.24775029]
[0.91710866 0.93696501 0.93209173 0.92739394 0.92081442 0.69194201
 0.62113605 0.56334114 0.53989975 0.52484363 0.50656827 0.47282192
 0.39351458 0.37112241 0.36612672 0.36523605 0.36570833 0.36654376
 0.36741299 0.36903394 0.37072259 0.37262617 0.37477527 0.37736927
 0.37949305 0.38223893 0.3848652  0.38734499 0.39000346 0.392864  ]
[0.94349794 0.92126707 0.92640401 0.90189353 0.89595644 0.53658146
 0.39578073 0.31501651 0.24560928 0.21997978 0.21418992 0.21256685
 0.21251919 0.21355317 0.21511405 0.21742713 0.22000382 0.22300388
 0.22628891 0.22967215 0.23341575 0.23714087 0.24096964 0.24472613
 0.2485375  0.25250149 0.25646595 0.26015177 0.26397298 0.26767304]
[0.98244142 0.9679936  0.96444234 0.95883089 0.95716654 0.62789463
 0.4613302  0.43113998 0.42791917 0.42738278 0.42721175 0.42754323
 0.42888758 0.42968448 0.43102366 0.43239523 0.43416196 0.43560197
 0.43736422 0.4398796  0.44150556 0.44415321 0.44637924 0.44872617
 0.45115197 0.45368983 0.45590257 0.45853156 0.4612147  0.46339526]
[0.92008835 0.93107248 0.91881802 0.9043328  0.90667142 0.55424846
 0.40494677 0.36504899 0.35176024 0.34386178 0.3338192  0.3051158
 0.27148384 0.26829588 0.26904749 0.27056269 0.27274027 0.27539147
 0.27828424 0.2813836  0.28468181 0.2879097  0.29152311 0.29505263
 0.29872603 0.30235448 0.30603048 0.309407   0.31307495 0.31662897]
[0.96561183 0.93966619 0.93425863 0.93343011 0.9248139  0.57687123
 0.38405401 0.22457941 0.20179174 0.199739   0.19901692 0.19880636
 0.19872349 0.1986838  0.19866173 0.1986508  0.19864634 0.19864157
 0.19863859 0.19863766 0.19863664 0.19863628 0.19863657 0.1986361
 0.19863563 0.19863552 0.19863548 0.1986354  0.19863535 0.19863538]
[0.90855701 0.92533456 0.92943534 0.94147017 0.94296696 0.74450011
 0.58563143 0.52606597 0.51987231 0.52024683 0.52049139 0.52025504
 0.5207728  0.52040935 0.52104406 0.52149257 0.52183499 0.52310742
 0.52361914 0.52449858 0.52560114 0.52669248 0.52728144 0.52834814
 0.52927477 0.53049538 0.53147729 0.53297775 0.53407245 0.53558171]
[0.93574638 0.972781   0.96749615 0.97418676 0.97506803 0.89767557
 0.86847775 0.80993529 0.77023069 0.72805785 0.70795149 0.69351839
 0.68686187 0.68055483 0.67711799 0.67334975 0.66760942 0.65576728
 0.64521619 0.63835668 0.63437698 0.63191866 0.63055493 0.62981628
 0.62946108 0.62926424 0.6292782  0.62938395 0.6294859  0.62954578]
[0.93574638 0.972781   0.96749615 0.97418676 0.97506803 0.89767557
 0.86847775 0.80993529 0.77023069 0.72805785 0.70795149 0.69351839
 0.68686187 0.68055483 0.67711799 0.67334975 0.66760942 0.65576728
 0.64521619 0.63835668 0.63437698 0.63191866 0.63055493 0.62981628
 0.62946108 0.62926424 0.6292782  0.62938395 0.6294859  0.62954578]
[0.94527862 0.9459846  0.94555277 0.95630063 0.97415734 0.83374905
 0.74192529 0.69578919 0.65838686 0.61162053 0.58402211 0.5714482
 0.56532571 0.56269457 0.56146601 0.56103606 0.56064104 0.5608533
 0.56211464 0.56204819 0.56280811 0.56339858 0.56467096 0.56563066
 0.56695412 0.56806651 0.56922836 0.57017504 0.57206768 0.57344555]
[0.93297693 0.91316432 0.93587302 0.94380211 0.94079184 0.72788207
 0.55675908 0.47099844 0.44643913 0.43692564 0.43270612 0.43130653
 0.43053851 0.43053617 0.43152675 0.43216928 0.43395829 0.43553543
 0.43728607 0.43926195 0.44169319 0.44414356 0.44670427 0.44887825
 0.45178416 0.45449869 0.456945   0.45952163 0.46259357 0.46554415]
[0.93282653 0.92151488 0.92231166 0.92735352 0.91363988 0.56655305
 0.39471827 0.28296141 0.24377621 0.21042204 0.14616133 0.13750178
 0.13589872 0.13528518 0.13507037 0.13496436 0.13492559 0.13491555
 0.13490108 0.13489677 0.13489485 0.13489419 0.13489358 0.13489359
 0.13489348 0.13489352 0.1348935  0.13489356 0.13489363 0.13489367]
[0.94105215 0.92727357 0.91726772 0.9349294  0.93396461 0.61735823
 0.50332785 0.48235084 0.47739653 0.47522699 0.47370582 0.47371633
 0.47374852 0.47409768 0.47519085 0.4753545  0.4758514  0.47708753
 0.47837264 0.47976516 0.48099088 0.48248642 0.48414009 0.48555186
 0.48705211 0.48836271 0.48997036 0.49197941 0.49325763 0.49504711]
[0.93747511 0.89663804 0.85000682 0.85172882 0.8456245  0.854764
 0.74679286 0.24061871 0.14445533 0.13756324 0.13593197 0.13533878
 0.13510076 0.13500052 0.13496803 0.13494984 0.13494489 0.13494544
 0.1349443  0.13494412 0.13494464 0.13494489 0.13494517 0.13494539
 0.13494553 0.13494566 0.13494573 0.13494578 0.13494581 0.13494584]
[0.87051979 0.85616715 0.82276784 0.82713237 0.78208278 0.78335476
 0.25394926 0.21906558 0.21618108 0.21531779 0.2150659  0.21497954
 0.2149765  0.21496662 0.21497863 0.21498511 0.21499193 0.21499727
 0.21500096 0.21500241 0.21500381 0.21500471 0.21500543 0.21500592
 0.21500622 0.2150064  0.21500655 0.21500663 0.21500669 0.21500673]
[0.94774183 0.94159529 0.94105507 0.95631744 0.94326735 0.99367722
 0.99444294 0.99420211 0.99430836 0.99400905 0.99383932 0.9938896
 0.99354446 0.99335415 0.99269454 0.99278112 0.99244449 0.99174106
 0.9913639  0.99090249 0.99054505 0.98951531 0.98819948 0.98094376
 0.96620388 0.95564563 0.94730521 0.94031985 0.93590825 0.93326191]
[0.90937139 0.88180489 0.87184307 0.84966865 0.85626147 0.57122232
 0.42968229 0.36915147 0.33764463 0.31962412 0.30991375 0.30772245
 0.3065391  0.30627212 0.30622338 0.30610278 0.30606382 0.30607184
 0.30602475 0.30601869 0.30600789 0.3060014  0.30599694 0.30599465
 0.30599311 0.30599204 0.30599008 0.30598957 0.30598861 0.30598806]
[0.95090184 0.9633305  0.95137455 0.94482514 0.96524493 0.88705161
 0.68206083 0.39455199 0.31597025 0.29530728 0.28746873 0.2838356
 0.28185013 0.2806057  0.27974266 0.27917441 0.27872446 0.27843125
 0.27818655 0.27798302 0.27783904 0.27771112 0.27760967 0.27752778
 0.2774584  0.27740729 0.27735082 0.27731367 0.27728513 0.27725808]
[0.94184222 0.95141273 0.95418684 0.92868103 0.94473765 0.86473438
 0.54874045 0.34360274 0.26523719 0.2332515  0.2203418  0.21416363
 0.21093909 0.20888517 0.20763212 0.20666054 0.20597227 0.20545446
 0.20505128 0.20474351 0.20448714 0.20427285 0.20410287 0.2039573
 0.2038294  0.20372724 0.20363714 0.20356267 0.20349695 0.20343953]
[0.97518298 0.97097155 0.97014727 0.9733933  0.96681733 0.96351633
 0.94515726 0.93164764 0.92242497 0.91681794 0.91313    0.91041815
 0.90822734 0.90638284 0.90511952 0.90353935 0.90240882 0.90192412
 0.90114032 0.90123648 0.90063617 0.90002615 0.8990629  0.89791268
 0.89606515 0.89533853 0.89451774 0.89371484 0.89334478 0.89315414]
