[5.58875241e-01 5.51606182e-01 5.50632906e-01 5.48498843e-01
 5.48017182e-01 1.11308171e+00 4.93198493e-01 4.49507945e-01
 3.45920158e-01 1.24153891e-01 5.20708698e-02 2.79124518e-02
 1.59431658e-02 9.92054581e-03 6.78487720e-03 4.76063834e-03
 3.53196316e-03 2.74943108e-03 1.96340731e-03 2.06816387e-03
 1.48387897e-03 1.12539745e-03 1.21244393e-03 8.87321995e-04
 7.00575914e-04 7.14053271e-04 4.82095502e-04 5.46753687e-04
 3.85994848e-04 3.27868387e-04 2.84898579e-04 2.44174805e-04
 2.11089036e-04 1.67530981e-04 1.54224928e-04 1.26070113e-04
 1.14001605e-04 9.30018366e-05 7.95512618e-05 6.48375185e-05
 6.55946544e-05 5.87248598e-05 4.38328058e-05 3.39323089e-05
 3.22252659e-05 3.28578389e-05 2.50599150e-05 2.09652836e-05
 1.82194569e-05 1.58457324e-05]

[5.56994265e-01 5.50763650e-01 5.49580338e-01 5.48773869e-01
 5.47671128e-01 1.34226289e+00 5.73759520e-01 4.63497085e-01
 4.38510781e-01 2.86894227e-01 1.20225075e-01 6.46867565e-02
 3.67131749e-02 2.23820398e-02 1.42062853e-02 9.57928278e-03
 6.77844203e-03 4.91900324e-03 3.65363054e-03 2.65841299e-03
 2.23069212e-03 1.70457642e-03 1.46899225e-03 1.23587749e-03
 1.02517432e-03 7.26516472e-04 8.86211836e-04 6.45825591e-04
 5.27549832e-04 4.54289726e-04 3.91851870e-04 3.25879239e-04
 2.89484783e-04 2.39673797e-04 2.20459803e-04 1.91789604e-04
 1.57684413e-04 1.33320355e-04 1.15179576e-04 1.03832975e-04
 8.56188084e-05 6.65003500e-05 7.60406461e-05 5.23396193e-05
 5.23643053e-05 4.23674878e-05 4.16091775e-05 3.31892336e-05
 2.50166191e-05 2.73132083e-05]

[5.57270167e-01 5.50073913e-01 5.49701702e-01 5.48969033e-01
 5.49983957e-01 1.43942636e+00 5.33494693e-01 4.58457948e-01
 3.86238474e-01 1.43284392e-01 5.11502639e-02 2.52196875e-02
 1.49004336e-02 9.79182646e-03 6.73589195e-03 4.78920744e-03
 3.66641055e-03 2.92594632e-03 2.67788923e-03 1.90621481e-03
 1.54263203e-03 1.34140553e-03 1.11760669e-03 1.01606379e-03
 8.64232209e-04 7.21712794e-04 5.74159041e-04 5.70576497e-04
 4.52986827e-04 3.76785265e-04 3.64388772e-04 3.02857659e-04
 2.55784663e-04 1.90002582e-04 2.07281994e-04 1.44441083e-04
 1.38979326e-04 1.05896627e-04 1.01236645e-04 8.22547327e-05
 7.13584454e-05 6.46035608e-05 4.82196600e-05 4.78122313e-05
 3.87756325e-05 3.21383145e-05 3.14137447e-05 2.69751300e-05
 2.12147616e-05 1.95968530e-05]

[5.56885874e-01 5.49539448e-01 5.49010437e-01 5.47611521e-01
 5.49722622e-01 2.62733916e+00 1.81828266e+00 4.89099266e-01
 4.60417113e-01 4.50820489e-01 4.42617903e-01 4.12836621e-01
 3.25989083e-01 2.84938096e-01 2.64527010e-01 2.44259277e-01
 2.27079307e-01 2.17437545e-01 2.08901663e-01 1.98089694e-01
 1.77847675e-01 1.55884347e-01 1.25117205e-01 7.78151843e-02
 4.35530453e-02 2.56980957e-02 1.58669851e-02 1.00536255e-02
 6.65142276e-03 4.72176163e-03 3.33723938e-03 2.55103806e-03
 1.96925417e-03 1.58400402e-03 1.27493833e-03 1.06897393e-03
 9.81932229e-04 7.56345773e-04 7.20157132e-04 6.01122528e-04
 5.42827891e-04 4.65559535e-04 4.20628873e-04 3.46380059e-04
 3.39941189e-04 2.88139542e-04 2.45758457e-04 2.24614142e-04
 1.96532268e-04 1.73823846e-04]
[5.55336886e-01 5.50089383e-01 5.49956721e-01 5.48273249e-01
 5.48702549e-01 1.06204277e+01 6.52044675e-01 4.63933090e-01
 4.48562315e-01 3.92594927e-01 1.59376540e-01 5.03867923e-02
 2.29491985e-02 1.29311970e-02 8.49073746e-03 5.98257918e-03
 4.53539508e-03 3.33331503e-03 3.00933620e-03 2.36125473e-03
 1.85317827e-03 1.74405632e-03 1.38294851e-03 1.13636851e-03
 1.16508431e-03 8.48320552e-04 6.83583904e-04 6.81545782e-04
 5.46574475e-04 4.69201456e-04 4.15482121e-04 3.41963773e-04
 2.94032851e-04 2.37867813e-04 2.30593293e-04 1.78409367e-04
 1.51729205e-04 1.35647772e-04 1.23480896e-04 9.17665197e-05
 8.97071690e-05 7.47014350e-05 5.68759298e-05 5.35029639e-05
 5.30860352e-05 4.01395311e-05 3.58429496e-05 2.51645141e-05
 3.05344014e-05 2.25832049e-05]
