0, 0.698564
1, 0.286767
2, 0.337760
3, 0.151223
4, 1.000000
5, 0.135427
6, 0.172210
7, 0.406750
8, 0.351806
9, 0.354812
10, 0.375088
11, 0.189673
12, 0.344592
13, 0.083418
14, 0.229442
15, 0.089299
16, 0.131157
17, 0.154131
18, 0.126811
19, 0.123846
20, 0.072078
21, 0.034757
22, 0.230607
23, 0.301387
24, 0.052103
25, 0.100856
26, 0.187471
27, 0.190773
28, 0.068984
29, 0.085603
30, 0.028881
31, 0.217515
32, 0.110112
33, 0.212814
34, 0.066385
35, 0.187586
36, 0.034040
37, 0.119962
38, 0.063366
39, 0.141074
40, 0.074504
41, 0.168404
42, 0.178574
43, 0.022122
44, 0.112752
45, 0.109581
46, 0.024444
47, 0.035613
48, 0.092107
49, 0.048001
50, 0.047450
51, 0.075605
52, 0.095138
53, 0.143895
54, 0.162846
55, 0.302949
56, 0.098658
57, 0.097775
58, 0.060800
59, 0.094024
60, 0.074439
61, 0.015195
62, 0.033124
63, 0.112457
64, 0.124159
65, 0.124212
66, 0.020881
67, 0.144925
68, 0.064703
69, 0.190784
70, 0.050680
71, 0.083843
72, 0.044256
73, 0.060156
74, 0.089896
75, 0.056817
76, 0.045437
77, 0.034272
78, 0.062002
79, 0.132511
80, 0.041582
81, 0.064270
82, 0.135834
83, 0.045256
84, 0.106903
85, 0.113817
86, 0.049845
87, 0.251967
88, 0.025643
89, 0.032252
90, 0.116115
91, 0.061819
92, 0.095352
93, 0.050569
94, 0.098968
95, 0.160326
96, 0.146303
97, 0.067376
98, 0.038298
99, 0.051438
100, 0.064022
101, 0.030090
102, 0.070140
103, 0.133011
104, 0.023074
105, 0.131803
106, 0.142642
107, 0.046950
108, 0.061405
109, 0.038539
110, 0.016863
111, 0.071765
112, 0.045700
113, 0.069321
114, 0.050510
115, 0.057643
116, 0.057396
117, 0.027050
118, 0.129178
119, 0.090243
120, 0.017089
121, 0.019809
122, 0.065997
123, 0.057409
124, 0.018899
125, 0.070375
126, 0.018913
127, 0.096986
128, 0.032211
129, 0.068491
130, 0.027186
131, 0.053515
132, 0.092311
133, 0.028171
134, 0.020348
135, 0.057572
136, 0.028954
137, 0.009170
138, 0.059458
139, 0.072705
140, 0.031204
141, 0.017241
142, 0.030548
143, 0.013419
144, 0.043058
145, 0.016696
146, 0.023165
147, 0.030901
148, 0.020110
149, 0.021436
150, 0.018246
151, 0.039314
152, 0.029834
153, 0.020693
154, 0.040601
155, 0.024865
156, 0.026267
157, 0.034926
158, 0.028004
159, 0.048485
160, 0.046886
161, 0.019679
162, 0.025273
163, 0.020015
164, 0.034504
165, 0.016535
166, 0.008745
167, 0.032061
168, 0.027620
169, 0.010440
170, 0.018813
171, 0.024868
172, 0.018989
173, 0.006917
174, 0.009578
175, 0.008178
176, 0.014487
177, 0.008419
178, 0.009789
179, 0.007407
180, 0.007242
181, 0.008752
182, 0.006103
183, 0.007727
184, 0.012616
185, 0.005112
186, 0.005666
187, 0.006804
188, 0.004023
189, 0.006596
190, 0.006895
191, 0.003211
192, 0.004828
193, 0.003750
194, 0.017618
195, 0.019626
196, 0.007971
197, 0.009629
198, 0.005439
199, 0.004432
200, 0.005570
201, 0.002821
202, 0.002740
203, 0.001187
204, 0.002027
205, 0.001486
206, 0.002289
207, 0.001778
208, 0.001434
209, 0.003661
210, 0.001892
211, 0.001176
212, 0.001666
213, 0.000926
214, 0.001343
215, 0.001228
216, 0.001434
217, 0.001608
218, 0.001426
219, 0.001825
220, 0.001887
221, 0.001171
222, 0.001983
223, 0.002315
224, 0.001828
225, 0.000961
226, 0.001394
227, 0.001127
228, 0.002047
229, 0.001285
230, 0.001491
231, 0.002846
232, 0.001261
233, 0.000946
234, 0.001462
235, 0.002626
236, 0.001516
237, 0.001114
238, 0.001602
239, 0.002455
240, 0.001765
241, 0.000612
242, 0.001767
243, 0.002447
244, 0.002448
245, 0.001503
246, 0.001971
247, 0.002500
248, 0.001566
249, 0.002144
250, 0.002480
251, 0.001972
252, 0.002207
253, 0.001794
254, 0.002047
255, 0.001928
256, 0.001657
257, 0.001467
258, 0.002189
259, 0.000770
260, 0.001436
261, 0.001997
262, 0.002121
263, 0.001983
264, 0.001245
265, 0.001659
266, 0.002627
267, 0.002057
268, 0.001788
269, 0.001782
270, 0.002291
271, 0.003837
272, 0.002274
273, 0.001420
274, 0.002148
275, 0.002806
276, 0.002051
277, 0.002871
278, 0.002559
279, 0.002236
280, 0.002612
281, 0.002361
282, 0.001813
283, 0.001485
284, 0.001832
285, 0.001085
286, 0.002229
287, 0.002203
288, 0.002255
289, 0.002713
290, 0.001595
291, 0.002933
292, 0.001516
293, 0.001488
294, 0.003291
295, 0.001923
296, 0.001344
297, 0.001495
298, 0.002426
299, 0.001540
300, 0.002311
301, 0.000909
302, 0.001860
303, 0.002711
304, 0.003568
305, 0.002324
306, 0.002710
307, 0.002069
308, 0.002288
309, 0.001920
310, 0.001553
311, 0.000950
312, 0.001208
313, 0.000768
314, 0.001497
315, 0.003269
316, 0.001860
317, 0.002173
318, 0.001944
319, 0.002430
320, 0.002888
321, 0.001300
322, 0.002648
323, 0.003353
324, 0.002717
325, 0.001744
326, 0.001293
327, 0.002931
328, 0.001465
329, 0.001693
330, 0.001257
331, 0.001794
332, 0.001526
333, 0.001015
334, 0.001769
335, 0.002211
336, 0.001709
337, 0.001614
338, 0.002594
339, 0.002179
340, 0.002305
341, 0.002816
342, 0.001003
343, 0.002152
344, 0.001774
345, 0.003113
346, 0.003619
347, 0.002699
348, 0.002571
349, 0.002565
350, 0.002029
351, 0.002770
352, 0.001308
353, 0.002349
354, 0.003376
355, 0.004525
356, 0.002700
357, 0.000883
358, 0.000842
359, 0.001055
360, 0.003403
361, 0.001042
362, 0.002315
363, 0.003143
364, 0.003110
365, 0.002451
366, 0.001894
367, 0.002019
368, 0.001304
369, 0.002101
370, 0.001884
371, 0.001805
372, 0.001266
373, 0.001199
374, 0.001669
375, 0.001531
376, 0.002807
377, 0.001485
378, 0.001545
379, 0.002333
380, 0.002271
381, 0.001727
382, 0.002060
383, 0.001869
384, 0.002525
385, 0.002274
386, 0.001609
387, 0.002966
388, 0.001659
389, 0.001441
390, 0.001863
391, 0.001437
392, 0.002013
393, 0.000807
394, 0.002160
395, 0.001614
396, 0.001708
397, 0.002631
398, 0.001446
399, 0.001929
400, 0.003049
401, 0.001336
402, 0.001997
403, 0.002111
404, 0.002229
405, 0.001708
406, 0.001997
407, 0.002378
408, 0.003208
409, 0.001704
410, 0.001989
411, 0.002305
412, 0.001396
413, 0.001537
414, 0.003082
415, 0.001869
416, 0.001096
417, 0.001995
418, 0.001524
419, 0.002693
420, 0.002501
421, 0.001240
422, 0.002970
423, 0.002230
424, 0.003825
425, 0.002594
426, 0.002332
427, 0.002018
428, 0.001698
429, 0.001463
430, 0.002868
431, 0.001692
432, 0.001400
433, 0.002226
434, 0.000923
435, 0.000722
436, 0.002603
437, 0.002182
438, 0.002792
439, 0.001982
440, 0.001305
441, 0.001780
442, 0.002035
443, 0.002974
444, 0.003805
445, 0.002223
446, 0.003524
447, 0.001539
448, 0.002309
449, 0.001360
450, 0.001660
451, 0.003023
452, 0.001537
453, 0.002546
454, 0.002400
455, 0.001223
456, 0.002694
457, 0.000791
458, 0.001518
459, 0.002347
460, 0.001682
461, 0.002064
462, 0.001702
463, 0.001653
464, 0.001841
465, 0.001035
466, 0.002590
467, 0.002442
468, 0.001471
469, 0.001952
470, 0.002226
471, 0.001087
472, 0.001968
473, 0.001933
474, 0.001956
475, 0.003854
476, 0.001452
477, 0.001328
478, 0.002553
479, 0.002492
480, 0.001972
481, 0.001647
482, 0.001801
483, 0.002381
484, 0.001509
485, 0.001984
486, 0.001216
487, 0.001979
488, 0.002080
489, 0.001167
490, 0.001938
491, 0.001656
492, 0.001128
493, 0.001188
494, 0.001009
495, 0.001870
496, 0.003808
497, 0.002185
498, 0.001947
499, 0.003674
